Date,Mentions,Sentiment,Up
2018-08-01,153,0.12372433555573771,0
2018-08-02,226,0.06892132948125003,1
2018-08-03,176,0.09004393401568625,1
2018-08-06,156,-0.07413607099056604,1
2018-08-07,223,0.12887405261355933,1
2018-08-08,201,0.07831093880952379,1
2018-08-09,272,0.038249207373493986,0
2018-08-10,183,0.01611655621621622,0
2018-08-13,188,0.13739737447101455,0
2018-08-14,200,0.09402114665333332,1
2018-08-15,231,-0.004677915356756756,0
2018-08-16,302,0.07681178648840578,1
2018-08-17,277,0.08239472931060607,1
2018-08-20,260,0.054565686544776115,1
2018-08-21,291,0.18689709621645567,1
2018-08-22,287,0.09548209602235296,1
2018-08-23,342,0.07162545405164836,0
2018-08-24,372,0.030485931242528755,1
2018-08-27,477,0.050366766205714286,1
2018-08-28,379,-0.035666846375949364,0
2018-08-29,471,0.0647897805978261,1
2018-08-30,616,0.12821631399150943,0
2018-08-31,486,0.1294357261752688,1
2018-09-04,558,0.07449999311130436,0
2018-09-05,701,0.06555605589482759,0
2018-09-06,709,0.09796568144959349,0
2018-09-07,489,0.07005601012187503,1
2018-09-10,428,-0.021886132261445777,0
2018-09-11,678,-0.017638151115789483,1
2018-09-12,773,0.04549423452666666,1
2018-09-13,958,0.10225583423613446,1
2018-09-14,609,0.009822463355555562,0
2018-09-17,591,0.010775873766055046,0
2018-09-18,716,0.135759518820339,1
2018-09-19,1109,-0.016169758499166666,1
2018-09-20,958,0.046196906364285716,1
2018-09-21,895,0.07057597822052979,0
2018-09-24,815,0.0335855095125926,0
2018-09-25,898,0.1385843474787879,0
2018-09-26,769,0.026587348886619715,0
2018-09-27,869,0.054819295358015274,1
2018-09-28,832,0.07555853091224493,1
2018-10-01,1114,0.08140554280402686,0
2018-10-02,1342,0.03737740282189349,0
2018-10-03,1081,0.11954291655492956,0
2018-10-04,1317,0.03006583134259259,0
2018-10-05,951,0.08701336546335878,0
2018-10-08,821,0.027027698475193804,1
2018-10-09,591,0.02493337934000001,1
2018-10-10,1098,-0.02205786699533334,0
2018-10-11,1164,0.10531001530372676,0
2018-10-12,884,0.078710590470229,0
2018-10-15,631,0.028796446616190467,0
2018-10-16,692,0.07904025740375938,1
2018-10-17,564,0.1302714657436508,1
2018-10-18,667,0.045786373239344265,0
2018-10-19,624,0.046676640520161274,0
2018-10-22,457,0.050529370953608266,0
2018-10-23,828,0.04144988880703125,1
2018-10-24,1449,0.07980948357959179,0
2018-10-25,1023,0.032073548228925615,1
2018-10-26,866,0.0333947694544118,0
2018-10-29,943,0.0508270298357143,0
2018-10-30,1117,0.0216524176904,1
2018-10-31,849,0.13817426148175174,0
2018-11-01,845,0.07742841256612905,1
2018-11-02,642,0.045065405088695644,0
2018-11-05,557,0.06430856703220339,1
2018-11-06,509,0.13146052364134617,1
2018-11-07,860,0.007856778792361107,1
2018-11-08,759,0.09228288218732389,1
2018-11-09,735,0.08539443366875003,0
2018-11-12,680,0.03645161177724138,0
2018-11-13,576,-0.011299256369298244,0
2018-11-14,724,0.039563868096240615,0
2018-11-15,711,0.029988669896694225,1
2018-11-16,581,0.07239581549302325,1
2018-11-19,795,0.03041757709503548,0
2018-11-20,1076,0.05479668055776398,0
2018-11-21,537,-0.011301244629629626,0
2018-11-23,311,0.07949932638846155,1
2018-11-26,543,0.08132088517807019,1
2018-11-27,480,0.06528585378803418,1
2018-11-28,818,0.16669045460316453,1
2018-11-29,579,0.11121191483586208,1
2018-11-30,554,0.11538245237310929,1
2018-12-03,927,0.12809786587028985,0
2018-12-04,1007,0.013314679337297302,0
2018-12-06,928,-0.032247758118120806,1
2018-12-07,810,0.04333430779333334,0
2018-12-10,753,0.0495585208638889,1
2018-12-11,764,0.06267122109379843,0
2018-12-12,599,0.07405713457372883,0
2018-12-13,667,0.008926295665573776,0
2018-12-14,730,0.023097960378813558,0
2018-12-17,777,0.04174346340472442,0
2018-12-18,746,0.028516894331538468,0
2018-12-19,1061,0.06545280708098593,0
2018-12-20,938,0.06665940750294116,0
2018-12-21,992,0.0776727601509554,0
2018-12-24,718,0.031757189136434105,0
2018-12-26,755,0.07997945477804878,1
2018-12-27,569,0.02379583734811321,1
2018-12-28,649,0.08332766350990098,0
2018-12-31,322,0.14705238539882348,1
2019-01-02,586,0.008630849051020403,1
2019-01-03,821,0.07477896117131784,0
2019-01-04,849,0.1362341715631206,1
2019-01-07,749,0.09951095894318183,1
2019-01-08,884,0.022695777482835813,0
2019-01-09,1066,0.0633960425083333,1
2019-01-10,692,0.09134020296370372,1
2019-01-11,830,0.09629102631755726,1
2019-01-14,819,0.05507659324651166,1
2019-01-15,948,0.0453712415277778,1
2019-01-16,978,0.024828239223312898,1
2019-01-17,945,0.08003111915838931,1
2019-01-18,907,0.10267764470328948,1
2019-01-22,682,0.07501860318832115,0
2019-01-23,627,0.09928688223170735,0
2019-01-24,980,0.10311505699375001,1
2019-01-25,928,0.057496923709803936,1
2019-01-28,934,0.11336129778102187,1
2019-01-29,1039,0.09414938477329196,0
2019-01-30,1135,0.09651334439689442,1
2019-01-31,1343,0.05505914962999999,1
2019-02-01,846,0.09702821726129034,0
2019-02-04,868,0.12833352132670808,1
2019-02-05,970,0.043744880462580626,1
2019-02-06,907,0.029759344025342443,0
2019-02-07,829,0.015009980889080456,0
2019-02-08,778,0.11264617730779215,1
2019-02-11,651,0.051682625938931304,0
2019-02-12,797,0.05206080795750001,1
2019-02-13,754,0.08801140635962731,0
2019-02-14,967,0.0935503196177914,1
2019-02-15,722,0.03292841792993632,1
2019-02-19,607,0.0765374001936306,1
2019-02-20,744,0.06388938187953215,1
2019-02-21,635,0.04876835791904762,0
2019-02-22,725,0.09537935714345236,1
2019-02-25,815,0.0723174110055556,0
2019-02-26,868,0.06372541189739582,1
2019-02-27,881,0.08820679542199995,1
2019-02-28,820,0.05315155632976191,0
2019-03-01,739,0.03340139764230769,0
2019-03-04,970,0.032950260179245294,0
2019-03-05,821,0.10274598770290695,0
2019-03-06,659,0.002630692918128649,0
2019-03-07,810,0.18983790990637245,0
2019-03-08,710,0.09163698129119498,1
2019-03-11,938,0.07234547598413792,1
2019-03-12,1001,0.08279285145272727,1
2019-03-13,1143,0.05938532687173912,1
2019-03-14,817,0.049952982376582314,0
2019-03-15,815,0.010588925963698629,1
2019-03-19,991,0.058040971100684936,0
2019-03-20,1058,0.0654260096401099,0
2019-03-21,1417,0.07610190227119566,1
2019-03-22,1089,0.03155885157675673,0
2019-03-25,611,0.12306460886642864,1
2019-03-26,822,0.02886213432960526,1
2019-03-27,849,0.05185685238055559,0
2019-03-28,801,0.0558765422610465,1
2019-03-29,840,0.0782081683949438,1
2019-04-01,889,0.04094766045062501,1
2019-04-02,766,0.10324208616433572,0
2019-04-03,1186,0.09202923646402113,0
2019-04-04,1131,0.004482882001197615,1
2019-04-05,860,0.01808544825859872,1
2019-04-08,964,0.10029604733223685,1
2019-04-09,890,0.10829570993288594,0
2019-04-10,1179,0.11440022540650888,1
2019-04-11,909,0.04682087791176472,0
2019-04-12,1400,0.07446647042234637,1
2019-04-15,1198,0.09765841385600002,0
2019-04-16,1781,0.07253895532139305,0
2019-04-17,1345,0.07742252536621008,0
2019-04-18,804,0.13114245729759033,0
2019-04-22,827,0.08330954381275167,1
2019-04-23,1345,0.01978976129226804,1
2019-04-24,1533,0.10702411787129187,0
2019-04-25,1715,0.04603347741652893,0
2019-04-26,1268,0.1301405775765028,1
2019-04-29,1479,0.15488397534293197,1
2019-04-30,1624,0.12561655021794874,1
2019-05-01,1616,0.11222305303317978,0
2019-05-02,1532,0.10343183016324324,0
2019-05-03,960,0.15458178793625,1
2019-05-06,1051,0.04719709199560441,1
2019-05-07,1580,0.01884624653409091,0
2019-05-08,1269,0.0001361663742081579,0
2019-05-09,1191,0.04921883503387099,1
2019-05-10,1126,0.09114413765783785,1
2019-05-13,1156,0.06037891696324323,0
2019-05-14,735,0.04501775273099415,1
2019-05-15,975,0.09020017539864866,1
2019-05-16,1099,0.13040898295531916,1
2019-05-17,857,0.06813868052994014,1
2019-05-20,783,0.08574310047874399,0
2019-05-21,802,0.11635367872960521,1
2019-05-22,815,0.016641786154857147,1
2019-05-23,1041,0.03870913338021978,0
2019-05-24,700,0.09429602828134327,0
2019-05-28,936,0.1293594468282894,0
2019-05-29,1034,0.04813980953554218,0
2019-05-30,950,0.14762502568888888,0
2019-05-31,907,0.0797360445396739,0
2019-06-03,1262,0.05701701829202126,0
2019-06-04,1096,0.05613723533128204,1
2019-06-05,1133,0.03403239125982534,1
2019-06-06,1356,0.15746302685327107,1
2019-06-07,1057,0.1076674285533708,1
2019-06-10,1129,0.061648302783536564,0
2019-06-11,924,0.059644764896710535,0
2019-06-12,830,0.09763299073185187,0
2019-06-13,1121,0.05412066505989848,1
2019-06-14,727,0.011203926502962966,0
2019-06-17,636,0.029706987496794863,0
2019-06-18,1035,0.05233379481696969,1
2019-06-19,880,0.02398820129671054,1
2019-06-20,1109,0.10470564768917526,0
2019-06-21,683,-0.013735175497546007,0
2019-06-24,855,0.09439393966725146,0
2019-06-25,1113,0.04393593611069521,0
2019-06-26,746,0.03364549789294872,0
2019-06-27,673,0.08211234360544221,1
2019-06-28,736,0.04654925675816995,1
2019-07-01,805,0.050606294418023216,0
2019-07-02,696,0.04461205005266272,1
2019-07-03,687,0.07783386630882352,1
2019-07-05,569,0.09767578342094593,1
2019-07-08,613,0.0502811038084507,0
2019-07-09,844,0.10593571573729728,1
2019-07-10,1008,0.06427636710209425,1
2019-07-11,1165,0.010178250935849068,0
2019-07-12,940,0.08255784330053192,1
2019-07-15,781,0.13157470424540227,0
2019-07-16,1155,0.08947348504300513,0
2019-07-17,1203,0.08766857934477615,0
2019-07-18,1283,0.051200309088177326,1
2019-07-19,1064,0.0552059473177143,0
2019-07-22,825,0.08453998524293195,1
2019-07-23,1175,0.059958464796969674,1
2019-07-24,1402,0.11253164576944448,1
2019-07-25,1425,0.04548659733650794,0
2019-07-26,1159,0.1045720613060914,1
2019-07-29,1225,0.07743198874693878,0
2019-07-30,1347,0.06215058103539821,1
2019-07-31,1358,0.10200076950493821,0
2019-08-01,1511,0.01948910848941178,0
2019-08-02,1172,0.026955696784259266,0
2019-08-05,1520,0.006245211714785988,0
2019-08-06,1118,0.11551512113650002,1
2019-08-07,1490,0.03090594020685485,1
2019-08-08,1900,0.0693842989165992,1
2019-08-09,1146,0.01967387217976878,0
2019-08-12,1005,0.08993412393316066,0
2019-08-13,1127,0.1098614559569507,1
2019-08-14,1777,-0.021639309316015622,0
2019-08-15,1277,0.02015499122604652,0
2019-08-16,1089,0.030669389071508398,1
2019-08-19,1053,0.0665977921289474,1
2019-08-20,1170,0.06899375841836734,0
2019-08-21,1497,0.07170166755999999,0
2019-08-22,1621,0.035257973785238116,0
2019-08-23,1677,0.04559168990545457,0
2019-08-26,1035,0.12224689816403944,1
2019-08-27,1371,0.059498033778688536,0
2019-08-28,1348,0.025115716856709963,1
2019-08-29,1724,0.09479256860429179,1
2019-08-30,1188,0.06747145581062801,0
2019-09-03,1006,0.0970403741737327,1
2019-09-04,1448,0.08229624624109587,1
2019-09-05,1783,0.06469225727777779,1
2019-09-06,1102,0.028626283686559152,0
2019-09-09,1369,0.11645601232409093,0
2019-09-10,1618,0.0707747088796748,1
2019-09-11,1432,0.05492641330325582,1
2019-09-12,1142,0.02712287975235849,1
2019-09-13,1060,-0.030982994068571412,0
2019-09-16,1123,0.0463104035961905,1
2019-09-17,1110,0.03484286240588234,1
2019-09-18,1267,0.013336718467171708,1
2019-09-19,1189,0.030847846634871796,0
2019-09-20,1353,-0.0032709718450549324,0
2019-09-23,1168,0.004576048213407824,1
2019-09-24,1827,0.03604152778110599,0
2019-09-25,1274,0.06980764946683937,1
2019-09-26,1404,0.06894120288870971,0
2019-09-27,1075,0.017563672867664675,0
2019-09-30,765,0.07347139814213487,1
2019-10-01,1193,0.04179822976304346,0
2019-10-02,1430,0.0541381256594203,0
2019-10-03,1192,0.04292528857433155,1
2019-10-04,779,0.04860916203690477,1
2019-10-07,679,0.048522396670322585,0
2019-10-08,895,0.06969463929885059,0
2019-10-09,715,0.021682240526490065,1
2019-10-10,1005,0.052753790398324014,1
2019-10-11,956,0.0641489197315508,1
2019-10-14,690,0.03626834959423075,1
2019-10-15,1010,-0.011621819577108432,1
2019-10-16,970,0.013608969372826093,1
2019-10-17,896,0.09135461261067418,0
2019-10-18,1091,0.10804967550215057,0
2019-10-21,1019,0.07389735318656716,1
2019-10-22,1656,0.01177566718733031,0
2019-10-23,1695,0.08227047429252336,1
2019-10-24,1561,0.060725577391509446,0
2019-10-25,1105,0.015933506870329663,1
2019-10-28,1294,0.020077682102427184,1
2019-10-29,1504,0.051766852925728135,1
2019-10-30,1288,0.0790567435017937,1
2019-10-31,1031,0.11946180723467335,0
2019-11-01,1001,0.07986471930935961,1
2019-11-04,497,0.047341885291780836,0
2019-11-05,991,0.055160081022222245,0
2019-11-06,933,0.10453676037703351,1
2019-11-07,1215,0.037386484140865386,0
2019-11-08,855,0.06576515791014491,1
2019-11-11,742,0.024753678827272748,1
2019-11-12,873,0.024952519824154595,1
2019-11-13,1206,0.05693473517295917,1
2019-11-14,1341,0.019994638529687508,1
2019-11-15,1194,0.04889967467955802,1
2019-11-18,1086,0.06557102573692308,1
2019-11-19,1247,0.06628593980443352,0
2019-11-20,1327,0.017745103129999995,0
2019-11-21,977,0.06361392641391755,0
2019-11-22,737,0.05003763287150539,0
2019-11-25,881,0.04436018270319152,1
2019-11-26,992,0.03165043889359607,1
2019-11-27,842,0.05958014441034484,1
2019-11-29,362,0.0510151122035088,0
2019-12-02,836,0.07203488740255103,0
2019-12-03,979,0.02606881831083745,1
2019-12-04,865,0.04215496012731959,1
2019-12-05,910,0.013110875657512957,0
2019-12-06,861,0.056983476632743384,1
2019-12-09,705,0.05548187537717395,0
2019-12-10,749,0.03091626916363635,0
2019-12-11,823,0.05780983831256545,1
2019-12-12,1004,0.12200646147251183,1
2019-12-13,888,0.01842902594632769,1
2019-12-16,827,0.008580452885333318,1
2019-12-17,811,0.0706832615032967,0
2019-12-18,927,0.17247398092575753,0
2019-12-19,869,0.128346125166875,1
2019-12-20,786,0.05972216288850575,1
2019-12-23,779,0.0433943282191358,0
2019-12-24,508,0.14999174326033052,0
2019-12-26,770,0.035664128969852917,1
2019-12-27,748,0.11242835127430556,0
2019-12-30,841,0.024354285198726112,0
2019-12-31,753,0.13117146998860754,1
2020-01-02,1371,0.06956997339554455,1
2020-01-03,1340,0.052525141872772296,1
2020-01-06,1248,0.0671662079771028,1
2020-01-07,1337,0.06288633707188938,0
2020-01-08,1765,0.030960577317194572,1
2020-01-09,1649,0.04836133104455448,1
2020-01-10,1291,0.0449758853805263,0
2020-01-13,1789,0.02408538797363637,1
2020-01-14,1939,0.05329620482903226,0
2020-01-15,2031,0.059823001480086575,1
2020-01-16,1833,0.09308436095555561,1
2020-01-17,1594,0.06812197237702126,1
2020-01-21,2313,0.1021662043399193,1
2020-01-22,2407,0.0016948842966804972,0
2020-01-23,2024,0.07956873601711027,1
2020-01-24,2229,0.06742405147220076,0
2020-01-27,1988,0.07531588982798498,1
2020-01-28,1892,0.0829835253704918,1
2020-01-29,2542,0.053939539409090916,0
2020-01-30,2292,0.04063924724640285,1
2020-01-31,2275,0.05841798849471831,0
2020-02-03,2493,0.07816964955265152,1
2020-02-04,5464,0.07690280734856396,1
2020-02-05,5763,0.11135524144513889,1
2020-02-06,2791,0.04961106037,1
2020-02-07,2567,0.059750567614433016,0
2020-02-10,2920,0.06710776204554457,1
2020-02-11,3875,0.06811947988672844,0
2020-02-12,3960,0.07968218791596389,1
2020-02-13,3521,0.09002104046196323,1
2020-02-14,3002,0.06436095868417507,1
2020-02-18,6186,0.09845031505486941,1
2020-02-19,5946,0.09509967935231092,1
2020-02-20,7266,0.058938465753171625,0
2020-02-21,3595,0.07817983063444973,0
2020-02-24,5469,0.08080491658802279,0
2020-02-25,5836,0.03203189241634409,0
2020-02-26,6479,0.01779601742632653,0
2020-02-27,8661,0.020910134964429526,0
2020-02-28,6639,-0.004659080272434605,1
2020-03-02,1857,0.012538620079421222,1
2020-03-03,1689,0.07074116704083604,0
2020-03-04,1643,-0.01634533959498434,1
2020-03-05,2523,0.021736882948302907,0
2020-03-06,459,0.0433492200196721,1
2020-03-09,3161,0.01066580546788154,0
2020-03-10,2487,0.0609759549548309,1
2020-03-11,3684,0.053290183853416086,0
2020-03-12,4494,0.055925619495906444,0
2020-03-13,7227,-0.033449742267090944,1
2020-03-16,12313,0.043743499795484704,0
2020-03-17,10635,0.02697062553049645,1
2020-03-18,13071,0.02270793221196357,1
2020-03-19,11234,0.03598349040900269,1
2020-03-20,7701,0.030560843621229024,0
2020-03-23,9186,-0.022656387924920626,0
2020-03-24,8049,0.024935998003999992,1
2020-03-25,7865,-0.022101403523847388,1
2020-03-26,6864,0.020156222306371697,1
2020-03-27,4206,-0.010924763502252247,1
2020-03-30,5215,0.027358092366231348,1
2020-03-31,4478,-0.0014665646910714304,0
2020-04-01,1926,0.05619798450382353,0
2020-04-02,1865,0.032303357119263465,1
2020-04-03,421,-0.028052907071523168,0
2020-04-06,1912,0.04634972966312994,1
2020-04-07,5035,0.030288152057172564,0
2020-04-08,4833,-0.0009035977248459932,1
2020-04-09,7080,0.03145765383309734,1
2020-04-13,6876,0.03362382587450629,0
2020-04-14,8934,0.05103609632512822,1
2020-04-15,7690,0.06293455102943395,1
2020-04-16,11283,0.0688509101607535,0
2020-04-17,8935,0.07248233056699833,1
2020-04-20,9892,0.07274272369174965,0
2020-04-21,12241,0.0400831207703364,0
2020-04-22,9077,0.06255294595118117,1
2020-04-23,9412,0.09265597153209165,0
2020-04-24,7381,0.06462393774027542,1
2020-04-27,9140,0.08985111449567726,1
2020-04-28,10492,0.041397235908177905,0
2020-04-29,11418,0.07058183358293968,1
2020-04-30,9524,0.05336621550640246,0
2020-05-01,6522,0.05905971708970038,0
2020-05-04,6772,0.06884360072970291,1
2020-05-05,8769,0.0706737353030994,0
2020-05-06,9037,0.03449948262163388,0
2020-05-07,11277,0.05963445898260213,0
2020-05-08,8512,0.07141678188855799,1
2020-05-11,9662,0.017580162110799442,1
2020-05-12,10812,0.06242784216325046,0
2020-05-13,10065,0.022955184229083082,0
2020-05-14,8676,0.04318145730827063,1
2020-05-15,7651,0.05860018213275317,1
2020-05-18,10257,0.06661796371911316,1
2020-05-19,10426,0.04238585493381708,0
2020-05-20,10247,0.09339629199007181,1
2020-05-21,9523,0.09142981195906337,0
2020-05-22,7596,0.06657710735317576,1
2020-05-26,9822,0.05363699484012064,0
2020-05-27,10952,0.06436922741788369,1
2020-05-28,10023,0.06166781058488701,0
2020-05-29,7782,0.03311092358160379,1
2020-06-01,9079,0.06426317544044768,1
2020-06-02,10798,0.05854718350560223,1
2020-06-03,12469,0.08391331905682707,1
2020-06-04,13153,0.11535505674386422,1
2020-06-05,13739,0.11202937894189005,1
2020-06-08,20920,0.11247762949680512,1
2020-06-09,17701,0.0960861330588644,1
2020-06-10,15880,0.07087828578669893,0
2020-06-11,14115,0.06701065945220203,0
2020-06-12,8729,0.06799225270775314,0
2020-06-15,10337,0.08557407822573014,1
2020-06-16,10323,0.08229618714082992,0
2020-06-17,9112,0.08378651302293709,0
2020-06-18,8341,0.06504690829178081,1
2020-06-19,7428,0.0620337806150242,0
2020-06-22,7759,0.07322598700516664,1
2020-06-23,8661,0.09627657679856726,0
2020-06-24,7905,0.06550628570797537,0
2020-06-25,7789,0.07283102810876128,1
2020-06-26,8096,0.10288336285492537,0
2020-06-29,7542,0.07350466662084697,1
2020-06-30,6723,0.062011040121339595,1
2020-07-01,8295,0.055014706400158216,1
2020-07-02,6911,0.06294096110604486,0
2020-07-06,9086,0.11632714259351845,1
2020-07-07,9660,0.08580641142035252,0
2020-07-08,10791,0.07502506527471091,1
2020-07-09,10565,0.07935895942227078,0
2020-07-10,9428,0.07625010222189148,1
2020-07-13,13976,0.0942364197777305,0
2020-07-14,9842,0.09319660169512188,1
2020-07-15,10196,0.1203524177273893,0
2020-07-16,9711,0.10081333479703694,1
2020-07-17,9134,0.10331541093306842,0
2020-07-20,10981,0.06354334212111999,1
2020-07-21,9733,0.06859223411871346,0
2020-07-22,10546,0.07374390413093747,1
2020-07-23,9292,0.07007882193552235,0
2020-07-24,7263,0.11538583594722723,0
2020-07-27,8716,0.050605223533853355,1
2020-07-28,8832,0.06769544469938558,0
2020-07-29,8806,0.06956012073760941,1
2020-07-30,11741,0.07216693363999997,1
2020-07-31,8856,0.09122007570046214,1
2020-08-03,4078,0.09825866110999994,1
2020-08-04,12431,0.09921772801515562,1
2020-08-05,11480,0.07196143199570312,1
2020-08-06,12245,0.08464924217150603,1
2020-08-07,9533,0.09282587551489666,1
2020-08-10,9711,0.09504102885681187,1
2020-08-11,10651,0.07169379937685581,0
2020-08-12,8312,0.09001519863470031,1
2020-08-13,9292,0.07800155304003147,1
2020-08-14,5957,0.07555907335072719,1
2020-08-17,7729,0.13946105411479665,0
2020-08-18,8239,0.09083392568424768,1
2020-08-19,7991,0.0978681880272878,0
2020-08-20,7909,0.04474097865150502,1
2020-08-21,8130,0.09095191960443551,1
2020-08-24,9898,0.08742668846921677,1
2020-08-25,9547,0.09784064276818925,1
2020-08-26,11197,0.09930669631951612,1
2020-08-27,11352,0.0802444288700165,0
2020-08-28,8701,0.09876061951558657,1
2020-08-31,5311,0.1163341040940447,0
2020-09-01,14495,0.08348985632504093,1
2020-09-02,16446,0.12550115702157133,1
2020-09-03,13800,0.07182260741204813,0
2020-09-04,9336,0.05354314129745761,0
2020-09-08,10502,0.0032270508343853893,0
2020-09-09,7274,0.09111408729323178,1
2020-09-10,8275,0.05921416307152654,0
2020-09-11,6409,0.09024261472928291,0
2020-09-14,7681,0.08103109359621927,1
2020-09-15,9529,0.05577683564675094,0
2020-09-16,9145,0.07605835231960183,0
2020-09-17,4034,0.08073833460444446,1
2020-09-18,6791,0.051033133896607116,0
2020-09-21,2100,0.09040653829557195,1
2020-09-22,4995,0.06252067171807783,1
2020-09-23,8243,0.06495027658815085,0
2020-09-24,4564,0.08027542165656108,1
2020-09-25,4213,0.10510652149777326,1
2020-09-28,5279,0.10165731323196252,1
2020-09-29,6406,0.09139000576091198,0
2020-09-30,6387,0.06902633018204156,1
2020-10-01,5914,0.09724029516591755,0
2020-10-02,6090,0.09051789598829608,1
2020-10-05,5027,0.11123649218625678,1
2020-10-06,6368,0.04378249327174281,0
2020-10-07,6074,0.05733914851581554,1
2020-10-08,8064,0.08684514446785714,1
2020-10-09,7110,0.06528753500796455,1
2020-10-12,6955,0.12013935955202935,1
2020-10-13,6979,0.04405837359947736,0
2020-10-14,7885,0.08033676365964909,0
2020-10-15,8003,0.0952554620890675,1
2020-10-16,6379,0.09636214755729726,0
2020-10-19,1987,0.09349999590666669,0
2020-10-20,6303,0.07708370534718688,0
2020-10-21,7635,0.051901881261084554,0
2020-10-22,6594,0.10050428108713351,1
2020-10-23,4869,0.07506633448289965,0
2020-10-26,5819,0.11165288933545137,0
2020-10-27,6987,0.07512470267001761,0
2020-10-28,7316,0.08876701677644225,0
2020-10-29,7519,0.0784968450542857,1
2020-10-30,5622,0.046583398634417815,0
2020-11-02,5071,0.07849015704885937,0
2020-11-03,4934,0.10278422639287171,1
2020-11-04,4098,0.08530910700896228,1
2020-11-06,2805,0.09138086659839141,1
2020-11-09,11938,0.07883951881784174,0
2020-11-10,9075,0.08096223459230767,1
2020-11-11,7465,0.11128866830741936,1
2020-11-12,10207,0.1423553573805195,0
2020-11-13,10176,0.06240211941999998,1
2020-11-16,10161,0.08796356602053704,1
2020-11-17,11943,0.10874894696244208,1
2020-11-18,11878,0.07262737780919877,0
2020-11-19,9642,0.08792624168724031,1
2020-11-20,8584,0.09715575937800959,0
2020-11-23,14286,0.1075494991281731,1
2020-11-24,14856,0.14363763828192772,1
2020-11-25,15392,0.10328064911251711,0
2020-11-27,13060,0.11538961122573198,0
2020-11-30,17866,0.12077919299281988,0
2020-12-01,14675,0.0747686347544489,1
2020-12-02,14251,0.11642161541978742,1
2020-12-03,5759,0.11337498124870847,1
2020-12-04,10310,0.1252814161403292,1
2020-12-07,13900,0.11662380185384613,1
2020-12-08,14739,0.11325641777140917,1
2020-12-09,14219,0.08574173852287384,0
2020-12-10,11922,0.08991978626894491,1
2020-12-11,9075,0.12215330279924227,1
2020-12-14,10099,0.09768195081270294,0
2020-12-15,10862,0.08780125776502168,1
2020-12-16,10095,0.11499408789468243,1
2020-12-17,11380,0.09861920176457217,1
2020-12-18,9500,0.10741120473296352,0
2020-12-21,13220,0.0783839167791667,1
2020-12-22,13877,0.09399902066367406,0
2020-12-23,11917,0.08461983888645076,0
2020-12-24,7092,0.11134851090040317,1
2020-12-28,12031,0.0817699913330343,1
2020-12-29,10425,0.07244911906525679,0
2020-12-30,8386,0.1281536534194398,0
2020-12-31,7301,0.05979567139827584,1
2021-01-04,10393,0.08737623011770676,0
2021-01-05,10316,0.08991674898861247,1
2021-01-06,13670,0.09508665061677675,1
2021-01-07,13398,0.10503903139510504,1
2021-01-08,12366,0.10264671672865665,1
2021-01-11,14810,0.0840935641893983,1
2021-01-12,13817,0.09831156826618609,0
2021-01-13,18417,0.10547220025632822,1
2021-01-14,25498,0.09593753234660915,0
2021-01-15,20565,0.09220527000325773,0
2021-01-19,13437,0.09239975480431856,1
2021-01-20,13674,0.12457404227392485,1
2021-01-21,12591,0.1246095537931079,0
2021-01-22,18350,0.1320398133877953,1
2021-01-25,22709,0.12175226381092424,1
2021-01-26,25610,0.12590700848808006,0
2021-01-27,92417,0.11843404503281639,0
2021-01-28,58449,0.07620406322718445,1
2021-01-29,33139,0.11317772079399738,0
2021-02-01,53656,0.15797267430886974,1
2021-02-02,47549,0.16593235552693558,1
2021-02-03,29711,0.1817651932010336,0
2021-02-04,3155,0.15807583391342936,1
2021-02-05,8494,0.1693560117187906,0
2021-02-08,12816,0.15067597631637103,1
2021-02-09,16747,0.13204494326248342,1
2021-02-10,20363,0.16145699264889177,0
2021-02-11,19053,0.16398611814959446,0
2021-02-12,11970,0.14799830243535914,1
2021-02-16,13502,0.09393551316135028,0
2021-02-17,11558,0.10850787504694105,1
2021-02-18,11896,0.1388609312589431,1
2021-02-19,27637,0.25287846677908643,0
2021-02-22,14660,0.10974029918458805,0
2021-02-23,13857,0.11371931644705875,1
2021-02-24,22103,0.13832873552805883,1
2021-02-25,21195,0.17567812453923712,0
2021-02-26,12806,0.18057745492870447,0
2021-03-01,14597,0.13219099507585846,1
2021-03-02,20189,0.15435954563655707,0
2021-03-03,20869,0.12775237679795354,0
2021-03-04,13846,0.0869545582421713,0
2021-03-05,9851,0.1367144958802125,1
2021-03-08,12927,0.13813059540854697,0
2021-03-09,12038,0.11525645211588542,1
2021-03-10,13627,0.11394385344219163,0
